10043504830011533633946092
10043504830011533633946092
10043504830011533633946092
10043504830021533697756254
10043504830021533697756254
10043504830021533697756254
10043504830031533635708232
10043504830031533635708232
10043504830031533635708232
10043504830041533637119357
10043504830041533637119357
10043504830041533637119357
10043504830051533697896189
10043504830051533697896189
10043504830051533697896189
10043504830081533698237085
10043504830081533698237085
10043504830081533698237085
10043504830081533785276331
10043504830081533785276331
10043504830081533785276331
10043504830091533698082093
10043504830091533698082093
10043504830091533698082093
10043524311341533542754847
10043524311341533542754847
10043524311341533542754847
10043524311371533542446162
10043524311371533542446162
10043524311371533542446162
10043524311441533544717976
10043524311441533544717976
10043524311441533544717976
121624931534904112937
121624931534904112937
121624931534904112937
121624961534918358067
121624961534918358067
121624961534918358067
141280011535681514293
141280011535681514293
141280011535681514293
141280011535682173218
141280011535682173218
141280011535682173218
141280021535682706063
141280021535682706063
141280021535682706063
141280021535683539543
141280021535683539543
141280021535683539543
141280031535681842181
141280031535681842181
141280031535681842181
142504821535081177750
142504821535081177750
142504821535081177750
142546811535006188038
142546811535006188038
142546811535006188038
142546821535011943981
142546821535011943981
142546821535011943981
142633511535006393316
142633511535006393316
142633511535006393316
142633531534826683522
142633531534826683522
142633531534826683522
142633541535013374992
142633541535013374992
142633541535013374992
142633581534822791380
142633581534822791380
142633581534822791380
142722411535099445220
142722411535099445220
142722411535099445220
142722411535103106782
142722411535103106782
142722411535103106782
142722411535104500887
142722411535104500887
142722411535104500887
142722441535100329154
142722441535100329154
142722441535100329154
142722481535102393907
142722481535102393907
142722481535102393907
142722491535105193603
142722491535105193603
142722491535105193603
143026681535682204227
143026681535682204227
143026681535682204227
143311731535167505926
143311731535167505926
143311731535167505926
143311741535167045712
143311741535167045712
143311741535167045712
143730491535534499818
143730491535534499818
143730491535534499818
